,id,EAP,HPL,MWS
0,id02310,0.7590812139243871,0.04418768575773318,0.19673110031787963
1,id24541,0.9871442579062486,0.009364251355894007,0.003491490737857534
2,id00134,0.6175898748000725,0.23564949805804267,0.14676062714188473
3,id27757,0.9581307939979331,0.01998699957536523,0.02188220642670154
4,id04081,0.5726007295975265,0.26575434298902784,0.1616449274134457
5,id27337,0.9745711183448855,0.014848484281788546,0.010580397373325971
6,id24265,0.9097042862419582,0.03250267194811519,0.05779304180992664
7,id25917,0.39161906572440974,0.0469589146565159,0.5614220196190743
8,id04951,0.9831987472916226,0.011311290387666333,0.0054899623207109284
9,id14549,0.8203339964159653,0.09764712881244272,0.08201887477159187
10,id22505,0.9089774024892388,0.029919635242490583,0.06110296226827061
11,id24002,0.938798024879005,0.024559849867174365,0.03664212525382058
12,id18982,0.7405877785451482,0.045161464325752396,0.2142507571290994
13,id15181,0.8408077724288039,0.0381759932224417,0.12101623434875437
14,id21888,0.8652702482402157,0.07223433578931154,0.06249541597047274
15,id12035,0.7848285354052827,0.06537461291925717,0.14979685167546014
16,id17991,0.9486712645524491,0.022370193836783372,0.02895854161076745
17,id10707,0.9808814959297462,0.012344658421399151,0.0067738456488546945
18,id07101,0.9660126042862369,0.017718145011913145,0.016269250701850115
19,id00345,0.9393779524993457,0.02443829187362521,0.036183755627028864
20,id05912,0.8963178384368184,0.03178900686291413,0.07189315470026747
21,id13443,0.8386847331899113,0.03837516544505964,0.1229401013650291
22,id09248,0.9215438948131236,0.02784948938158484,0.05060661580529168
23,id17542,0.8956867804931183,0.03187722655580088,0.07243599295108066
24,id06995,0.9714912231597073,0.015939957666067612,0.012568819174225167
25,id25159,0.7806828980076298,0.042889649088089975,0.1764274529042802
26,id25729,0.9613897194375924,0.019084892460129923,0.019525388102277684
27,id26949,0.9367252247436307,0.024987814229151542,0.038286961027217674
28,id27191,0.9137850191613641,0.02915530166845496,0.057059679170180885
29,id07668,0.9899009530510439,0.007825118028110452,0.0022739289208456117
30,id02230,0.830932514961424,0.0390795355459167,0.12998794949265943
31,id15553,0.9954881317485085,0.004039960754037033,0.00047190749745453235
32,id25688,0.3915978477840004,0.2767516595394681,0.3316504926765314
33,id17545,0.8660456053868751,0.03557959694750811,0.0983747976656168
34,id13929,0.8052436807296005,0.04117861615817176,0.15357770311222776
35,id12880,0.8720544287734981,0.03489240982138012,0.09305316140512164
36,id19282,0.925071032246861,0.02722345850174041,0.04770550925139866
37,id14690,0.7904548900187293,0.0422406385301803,0.16730447145109043
38,id17975,0.951912563440892,0.021589113622397987,0.026498322936709857
39,id08037,0.9871782202668691,0.009346286219385455,0.0034754935137452808
40,id15412,0.894405977559357,0.03205492593571259,0.07353909650493048
41,id25032,0.8976756374161936,0.03159767749582615,0.07072668508798022
42,id27165,0.9490165554205335,0.0222885909158175,0.028694853663649014
43,id03327,0.9779351275197623,0.013564111845677719,0.008500760634560038
44,id18515,0.949992416860634,0.022055934639145316,0.02795164850022066
45,id21003,0.7158167735136963,0.04628551468301162,0.23789771180329194
46,id23855,0.8585200640421656,0.036400660045300307,0.1050792759125342
47,id20724,0.8724211015589101,0.034849523108914295,0.09272937533217575
48,id13303,0.9676633586205102,0.017202089759395432,0.015134551620094316
49,id16521,0.9555204311742793,0.020677364167591552,0.02380220465812923
50,id20775,0.9775807349684741,0.013704485566875962,0.008714779464649894
51,id13029,0.952576546820152,0.021424799525543988,0.025998653654304187
52,id14660,0.9268468647571216,0.02689995691974942,0.04625317832312897
53,id11028,0.6116125291108125,0.049104575122338005,0.33928289576684956
54,id14180,0.9704620940253481,0.016288895601484724,0.013249010373167225
55,id25860,0.9832475923754491,0.011288715229842932,0.005463692394707868
56,id11910,0.8776166353915996,0.034229562506367286,0.08815380210203298
57,id08065,0.8393170045163326,0.03831613753538818,0.12236685794827916
58,id22674,0.9127867701578098,0.029316688429177753,0.05789654141301235
59,id25018,0.9157733366528983,0.028829504047768885,0.05539715929933292
60,id10892,0.9550103970638856,0.02080914303358553,0.0241804599025289
61,id10217,0.947406203262597,0.02266603707868658,0.029927759658716347
62,id12996,0.926995090251207,0.026872694192758378,0.04613221555603451
63,id18262,0.9741075360408523,0.015017580251690827,0.010874883707456885
64,id08606,0.9723699572370825,0.01563598969248029,0.011994053070437136
65,id17233,0.8710962895268991,0.03500394879158999,0.09389976168151071
66,id00101,0.9569500952080521,0.02030263006240557,0.022747274729542376
67,id12225,0.906208675850699,0.030345537638821772,0.06344578651047922
68,id01364,0.9631924908640469,0.01856484647135475,0.01824266266459831
69,id24973,0.9562535670032857,0.020486197725812602,0.023260235270901736
70,id25363,0.9986574736306596,0.0013098544030998418,3.267196624030054e-05
71,id10061,0.9713018443457628,0.016004730171987707,0.012693425482249457
72,id17673,0.9637797690320979,0.018391966470093342,0.017828264497808777
73,id13249,0.915849813515777,0.02881685526436688,0.055333331219856216
74,id10107,0.9142524670267633,0.02907923222222888,0.05666830075100772
75,id04403,0.9962875818732976,0.0033991925907271565,0.0003132255359751349
76,id25728,0.9261752317036291,0.027022981736481048,0.046801786559889764
77,id16184,0.864802377309269,0.03571819792043296,0.09947942477029793
78,id03438,0.9708401603977406,0.01616157050652388,0.01299826909573553
79,id22923,0.9283157676467304,0.02662797399365905,0.04505625835961049
80,id08610,0.9888526595161526,0.008430707827484285,0.0027166326563630534
81,id25355,0.8578945554256241,0.03646701617198146,0.10563842840239433
82,id16916,0.9431286948958296,0.02363184046745367,0.0332394646367167
83,id12793,0.9811582084924593,0.012224948049389084,0.006616843458151793
84,id11859,0.9831355967701724,0.011340426045247995,0.005523977184579568
85,id02434,0.9931928802082821,0.005726202084185724,0.0010809177075322845
86,id27703,0.9661382597532719,0.017679415354753803,0.01618232489197428
87,id25212,0.8867297966741668,0.0330835186192992,0.080186684706534
88,id11308,0.9200079228749967,0.028115537290690402,0.051876539834312875
89,id26094,0.9755604228961163,0.01448150876855162,0.009958068335332143
90,id22080,0.9217652549785821,0.027810825298463272,0.050423919722954555
91,id03545,0.9809966596043695,0.012294952208100673,0.006708388187529743
92,id23725,0.9393594689438746,0.024442178741889215,0.03619835231423618
93,id12009,0.9735710827192332,0.015211053095830217,0.011217864184936501
94,id24241,0.936111776849067,0.02511256821239073,0.03877565493854246
95,id03596,0.9744788929770385,0.014882267287178131,0.010638839735783338
96,id10749,0.9388940026498153,0.024539788037205135,0.036566209312979485
97,id22794,0.8329662743524484,0.03889815384768863,0.12813557179986282
98,id15482,0.9289960561999681,0.02650062760615392,0.044503316193878026
99,id04833,0.97094546494374,0.016125929245193352,0.012928605811066597
100,id00397,0.7082710664691347,0.04658961373611365,0.24513931979475173
101,id14691,0.9897517839404215,0.007912938146379453,0.0023352779131989754
102,id05193,0.9637033079030651,0.018414574118058295,0.017882117978876528
103,id19541,0.9861553612707147,0.009877594890053236,0.003967043839232027
104,id22166,0.9679870067214862,0.017099019890848256,0.014913973387665503
105,id20744,0.8957110703007789,0.03187383911359378,0.07241509058562719
106,id10392,0.6233536921748837,0.04892487203375057,0.32772143579136576
107,id00770,0.9908174472219788,0.007272780042886668,0.0019097727351346633
108,id06018,0.985199965723453,0.010356590051388295,0.004443444225158687
109,id15678,0.9836154745800435,0.011117565593710518,0.005266959826246069
110,id08305,0.949532082888334,0.02216606016108733,0.028301856950578682
111,id08903,0.9374793378252639,0.024833275320245592,0.03768738685449035
112,id14752,0.9595014568560011,0.019613281595283052,0.02088526154871599
113,id12468,0.9504522142122321,0.02194525643457626,0.027602529353191695
114,id05085,0.9829589823918958,0.011421606126481045,0.0056194114816231575
115,id21993,0.9861800671968408,0.00986499321553228,0.0039549395876268875
116,id15503,0.9587433815264024,0.019820964897666625,0.02143565357593096
117,id03021,0.989243882676324,0.008207806924428563,0.0025483103992473013
118,id16123,0.9857064146508904,0.010104672218251225,0.004188913130858306
119,id19383,0.9860638022364622,0.009924199288978622,0.004011998474559247
120,id04186,0.9794142081833918,0.012964089818012487,0.007621701998595688
121,id17954,0.9434491083946824,0.02356125685375636,0.032989634751561143
122,id12030,0.9518684739436897,0.02159997078490553,0.026531555271404817
123,id13020,0.9597167635600592,0.01955384056001026,0.02072939587993065
124,id25327,0.937277741139079,0.02487471656704174,0.03784754229387928
125,id16344,0.9723957396893275,0.01562698466929046,0.011977275641382106
126,id12303,0.9877298850459085,0.009051211839625732,0.0032189031144656374
127,id15017,0.9983312472115304,0.0016150871850000878,5.366560346961738e-05
128,id22308,0.9736807084399804,0.015171705585139111,0.011147585974880391
129,id06536,0.9184965359729282,0.02837358957554922,0.05312987445152254
130,id19797,0.9739809592248908,0.015063441289574448,0.010955599485534645
131,id06332,0.9912606638220314,0.006997386646289555,0.0017419495316790248
132,id22941,0.9581381735366473,0.0199850088116932,0.021876817651659487
133,id13547,0.957267270634822,0.020218398687788235,0.022514330677389668
134,id06928,0.958637977628603,0.019849646245951827,0.021512376125445182
135,id12521,0.9784821955465429,0.013344893387051918,0.00817291106640526
136,id25716,0.956626992142907,0.020388021558677732,0.022984986298415274
137,id27116,0.9927053475598941,0.006058503400505531,0.0012361490396002664
138,id19941,0.9903325355945074,0.007567807535381705,0.0020996568701108294
139,id05711,0.9624155042941068,0.018790918755739367,0.018793576950153896
140,id02097,0.972398408154087,0.01562605237029634,0.011975539475616671
141,id03563,0.9673522286708569,0.01730057708741076,0.015347194241732219
142,id02295,0.9666765366221918,0.017512491217497147,0.015810972160310983
143,id08179,0.9996072089637141,0.0003909260838596362,1.864952426194512e-06
144,id05332,0.9689476114639444,0.0167892917053598,0.014263096830695706
145,id15697,0.9900940063904387,0.007710618376173939,0.0021953752333874086
146,id17026,0.9783152613080963,0.013412116417006865,0.008272622274896623
147,id04243,0.9949665970337831,0.0044422014649995074,0.0005912015012173871
148,id13175,0.9716575459921836,0.015882857978705076,0.01245959602911119
149,id05387,0.9794664598090319,0.012942458420181982,0.007591081770786198
150,id19989,0.9902605040186365,0.0076110917555544414,0.0021284042258090437
151,id25173,0.9602225498084378,0.019413398608458064,0.020364051583104045
152,id08925,0.9896200770264816,0.007990012540871932,0.0023899104326465218
153,id03034,0.982232108556163,0.011751101137128652,0.006016790306708326
154,id13272,0.9756199226285115,0.01445916479949112,0.009920912571997335
155,id07956,0.9767631051299913,0.014023601235122628,0.009213293634886134
156,id02648,0.9693667204747318,0.01665232573011819,0.013980953795149987
157,id01778,0.9575444321907991,0.020144460556784538,0.022311107252416397
158,id12846,0.980260412816946,0.01260994431642979,0.007129642866624248
159,id19001,0.986170956953725,0.009869641345000848,0.003959401701274057
160,id05763,0.9823303903621706,0.011706974919226345,0.005962634718603101
161,id15590,0.9266988316998396,0.026927143740982238,0.04637402455917828
162,id04912,0.9844549897525977,0.010719341188145003,0.004825669059257161
163,id21201,0.9821214658763856,0.011800621081638922,0.006077913041975447
164,id13215,0.9948941511816388,0.004497135524548163,0.0006087132938128761
165,id15612,0.9819631673672081,0.01187118530306246,0.0061656473297292255
166,id18501,0.994588334688093,0.00472657706781976,0.0006850882440869849
167,id07223,0.9768517106364134,0.01398933217823748,0.009158957185349223
168,id06707,0.9541594191825757,0.0210268456040174,0.02481373521340673
169,id05238,0.9780652321776552,0.013512257579969813,0.008422510242375008
170,id00935,0.967154992299778,0.01736271278322484,0.015482294916997008
171,id00110,0.9906966928696823,0.007346850240889223,0.001956456889428339
172,id17476,0.9837090729063453,0.011073700676229089,0.005217226417425467
173,id15170,0.9922276269432383,0.00637629502482029,0.0013960780319414582
174,id13397,0.9469336788322894,0.022775303050767165,0.030291018116943468
175,id24283,0.9937454871932901,0.005339258957706825,0.0009152538490031276
176,id15234,0.9932127785366472,0.005712462120510709,0.0010747593428420195
177,id16884,0.9888377627185694,0.008439124663637537,0.0027231126177930326
178,id07831,0.985021785375719,0.010444182686633285,0.004534031937647631
179,id16038,0.968521704679439,0.016927329563262376,0.01455096575729858
180,id03629,0.9879704050596748,0.008920593320018001,0.0031090016203070042
181,id21019,0.9856639647855402,0.010125958104051458,0.0042100771104084415
182,id21835,0.9753698107154304,0.014552877878492824,0.010077311406076738
183,id04480,0.9848295164674429,0.01053810918012919,0.004632374352427806
184,id20838,0.9851924893798577,0.010360276097072013,0.004447234523070237
185,id24195,0.9837578254621946,0.011050800654325059,0.005191373883480258
186,id05448,0.9956670951958265,0.0038991199084966433,0.00043378489567673503
187,id15957,0.9831450424927234,0.011336071747872723,0.005518885759403749
188,id19956,0.9885488355916924,0.008601367709065949,0.002849796699241684
189,id15104,0.9808753176706015,0.012347320418750645,0.006777361910647743
190,id17559,0.9723446250426389,0.015644832585238806,0.012010542372122221
191,id16839,0.9772408907496302,0.013837917602970717,0.008921191647399207
192,id14493,0.975670964290813,0.014439971912870725,0.009889063796316138
193,id08833,0.9935153488612077,0.00550177168776932,0.0009828794510228338
194,id15723,0.9669756783590985,0.017419003033372894,0.015605318607528567
195,id02716,0.9980197803295636,0.0019012330933352278,7.89865771011725e-05
196,id06689,0.9897073074013778,0.007939014139970259,0.002353678458651888
197,id18837,0.9943084773810811,0.004933146414276066,0.0007583762046429394
198,id04466,0.9970365738818755,0.002770578267821193,0.0001928478503033834
199,id00686,0.9959191349668024,0.0036982549963008407,0.00038261003689672165
200,id09010,0.9874056263631548,0.009225400818242559,0.003368972818602608
201,id23353,0.9934350895544711,0.005557984277568287,0.0010069261679604038
202,id00066,0.9861262277557862,0.009892440638493327,0.0039813316057205105
203,id15724,0.9846623774122114,0.010619267025978655,0.004718355561810032
204,id23486,0.9836413724545492,0.011105441663068275,0.005253185882382508
205,id22258,0.9782862970037567,0.013423750388906293,0.008289952607336963
206,id02292,0.9820353893078323,0.011839032565316765,0.0061255781268509234
207,id16356,0.987397818750813,0.009229568478238193,0.0033726127709488908
208,id00235,0.9951054415090695,0.00433628577568997,0.0005582727152404173
209,id25522,0.97027095149113,0.016352894598135322,0.013376153910734701
210,id04204,0.9888709292665,0.008420378243473428,0.0027086924900266507
211,id22016,0.9816724533997473,0.01199991380151466,0.006327632798738095
212,id06480,0.993713069908979,0.0053622707282917825,0.0009246593627293207
213,id08718,0.9912811651079703,0.006984511365779705,0.0017343235262501438
214,id05251,0.9924219322261436,0.006247947324445524,0.0013301204494109
215,id03359,0.9860956278996837,0.009908016983175063,0.003996355117141244
216,id16117,0.9882620588764875,0.008760549450766533,0.0029773916727458024
217,id17000,0.9804592989715979,0.01252549803947026,0.007015202988931815
218,id01730,0.9862946607268421,0.009806396719351781,0.0038989425538060994
219,id00630,0.995676795652031,0.0038914438013284073,0.00043176054664050754
220,id18175,0.987873503150573,0.008973364357396067,0.003153132492030903
221,id00907,0.987137644731331,0.0093677468792438,0.00349460838942507
222,id18251,0.9905271756786246,0.0074501540191122834,0.0020226703022633015
223,id25861,0.9739962454400402,0.01505790978785725,0.01094584477210255
224,id00398,0.9882731994424141,0.008754399524162012,0.002972401033423834
225,id27573,0.9981150974166867,0.00181421583204336,7.068675127011585e-05
226,id10022,0.9852780790955625,0.010318021496757573,0.004403899407679918
227,id15901,0.9920635774015678,0.006483708547601993,0.001452714050830111
228,id00451,0.9872086833780066,0.00933015258696839,0.003461164035025107
229,id23129,0.9911407980980886,0.007072420387277046,0.0017867815146341446
230,id26498,0.9921465774734446,0.006429470733813842,0.0014239517927415665
231,id14741,0.9942044817130546,0.0050091007513057215,0.0007864175356396467
232,id18453,0.991471682526501,0.006864270739625034,0.0016640467338739822
233,id08309,0.9892462795741025,0.008206430120416046,0.002547290305481464
234,id00320,0.9987518863625268,0.0012204779243028042,2.7635713170460772e-05
235,id07688,0.9803092550983792,0.012589249582482621,0.0071014953191381675
236,id01556,0.981927786779348,0.011886911267622523,0.006185301953029676
237,id00178,0.9943091347543135,0.004932664917054817,0.0007582003286315268
238,id18902,0.976008294414871,0.014312538116531938,0.009679167468597073
239,id27002,0.988587167358427,0.008579951961770685,0.0028328806798022374
240,id21418,0.9954129109127955,0.004098722763620637,0.0004883663235837187
241,id23018,0.9818240349605752,0.011932931634134716,0.0062430334052899685
242,id07032,0.967573525622834,0.01723058577570034,0.015195888601465564
243,id16195,0.9912939008350005,0.006976506847176514,0.0017295923178231596
244,id11202,0.994629234076424,0.0046961189511522715,0.0006746469724237308
245,id09578,0.990801254952822,0.0072827358297293905,0.0019160092174487161
246,id26984,0.9880953749855986,0.008852241286045616,0.0030523837283558675
247,id19856,0.9955971590200793,0.003954333022532594,0.00044850795738806526
248,id12086,0.9907724544020208,0.007300425749603352,0.0019271198483758435
249,id12052,0.9870551887491544,0.009411258038558813,0.003533553212287008
250,id17728,0.9882358127236773,0.00877502738710374,0.002989159889218964
251,id24608,0.9892536996697856,0.008202167064523775,0.0025441332656907104
252,id21097,0.9908545635529564,0.007249931505165237,0.0018955049418784833
253,id20179,0.9799097378718378,0.012757705325408358,0.007332556802753858
254,id15144,0.9941477153633049,0.0050503789367773375,0.0008019056999178154
255,id00206,0.997797131174228,0.0021025989305860676,0.00010026989518595859
256,id22285,0.9920289544149847,0.006506268875515847,0.0014647767094993068
257,id06417,0.9938776675440147,0.005245015882610645,0.0008773165733747488
258,id00215,0.9955028213195373,0.004028455448269172,0.00046872323219347435
259,id04201,0.9940179501888646,0.005144261836986834,0.0008377879741485447
260,id21771,0.9922539258577837,0.006358995152223993,0.0013870789899922528
261,id12451,0.9923533443845194,0.006293393374572355,0.001353262240908145
262,id14250,0.9915589775397327,0.006808816200158214,0.0016322062601091107
263,id03433,0.9968048389764058,0.0029680997074749897,0.00022706131611916
264,id03303,0.9893932187695285,0.008121762616583985,0.0024850186138875643
265,id25901,0.9906011868378438,0.007405148221102544,0.00199366494105363
266,id06945,0.9947517623619762,0.004604453637519749,0.0006437840005040289
267,id05664,0.9945792251932738,0.004733351544332204,0.0006874232623939056
268,id05741,0.9990356998878316,0.0009490681442466826,1.5231967921812848e-05
269,id10652,0.9948091678241902,0.004561290714884487,0.0006295414609254516
270,id16300,0.9982779197800483,0.0016644469860060923,5.763323394566351e-05
271,id12319,0.9944068864940646,0.0048608720079592,0.0007322414979762743
272,id07500,0.9936878586127925,0.005380139828130411,0.0009320015590769846
273,id12478,0.9908699976514781,0.007240419036703192,0.001889583311818761
274,id03076,0.9894255997038304,0.008103034200438319,0.0024713660957313166
275,id00969,0.9933719009253623,0.005602074648679189,0.0010260244259585208
276,id23636,0.9931294976876582,0.0057698741653350915,0.0011006281470066414
277,id09791,0.991225157231803,0.007019656599399781,0.0017551861687971615
278,id05680,0.9925437231866666,0.006166866857717148,0.0012894099556161622
279,id03672,0.9767388858270368,0.014032955260671505,0.009228158912291713
280,id04286,0.9856975212469857,0.010109134307743288,0.004193344445271143
281,id23883,0.9953853375507347,0.004120198943918759,0.0004944635053467207
282,id11914,0.9923139495249623,0.006319426698214462,0.0013666237768231429
283,id20974,0.9959432692350605,0.00367886449806285,0.0003778662668767515
284,id26125,0.9980157598515189,0.0019048927884062251,7.934736007483334e-05
285,id15543,0.9950057764043254,0.004412398578941253,0.0005818250167332449
286,id19471,0.9912651714657854,0.006994556794944681,0.0017402717392699099
287,id11503,0.9939026408571173,0.0052271351241895,0.0008702240186931747
288,id09321,0.9932817533121153,0.005664724604343988,0.0010535220835407766
289,id25560,0.9892429318136997,0.00820835307208337,0.0025487151142170616
290,id06726,0.993302206343997,0.005650536134236236,0.001047257521766906
291,id05709,0.995540789073561,0.00399867251244708,0.0004605384139919605
292,id09788,0.9867161122328145,0.009588790043798666,0.003695097723386774
293,id05289,0.9984205911958148,0.0015320515339793258,4.735727020592026e-05
294,id11815,0.9964474891606356,0.0032673457328802223,0.0002851651064841636
295,id22422,0.9941558984370122,0.00504443641157187,0.0007996651514159127
296,id25954,0.9922360889794329,0.006370730990147325,0.00139318003041966
297,id13601,0.9936594388107532,0.005400254354518362,0.0009403068347284386
298,id05677,0.9954065510609761,0.00410367932361194,0.0004897696154120815
299,id10498,0.9976707437437315,0.0022157249261587015,0.00011353133010970847
300,id02665,0.9942674940851871,0.004963130639021913,0.0007693752757909102
301,id10114,0.9971574867169475,0.0026664165433151438,0.00017609673973724711
302,id26314,0.9979261202706033,0.0019862635544047294,8.761617499190018e-05
303,id21240,0.9946877537871858,0.004652417809385946,0.0006598284034281986
304,id15569,0.9987514517332562,0.0012208904239779448,2.7657842765757632e-05
305,id25928,0.9964835528414608,0.0032374359810074475,0.00027901117753160526
306,id22706,0.9935127641848116,0.0055035856601277355,0.0009836501550607101
307,id20877,0.9883447930461883,0.008714812739101142,0.0029403942147105486
308,id04318,0.995070261511573,0.004363201547169283,0.000566536941257723
309,id18299,0.9966032471690592,0.003137702050903439,0.0002590507800372694
310,id08126,0.9925758140408828,0.006145420820367642,0.001278765138749557
311,id14293,0.9968379428238782,0.002940051847413602,0.0002220053287082032
312,id12759,0.9969786089979075,0.0028202441517261143,0.0002011468503664741
313,id11983,0.9966704772823056,0.003081368487286225,0.00024815423040804106
314,id05580,0.9951909986499957,0.004270601116605109,0.0005384002333992636
315,id25846,0.9924111986421931,0.00625506954689755,0.0013337318109093968
316,id01939,0.9961616258428456,0.0035021649433020262,0.0003362092138524598
317,id26327,0.9947507100087644,0.004605243599535584,0.0006440463916998978
318,id11068,0.9870077208803065,0.00943624563751038,0.003556033482183117
319,id08404,0.998060850604089,0.001863798713026212,7.535068288471038e-05
320,id27189,0.9953240854790055,0.004167784523494225,0.0005081299975002009
321,id15119,0.9871027292065786,0.009386187818101846,0.0035110829753195187
322,id26525,0.9972764389281733,0.0025632002200838004,0.00016036085174298115
323,id03618,0.9956554182192741,0.003908354299911803,0.0004362274808142146
324,id27220,0.9972417345074285,0.002593390175704451,0.00016487531686711947
325,id18777,0.9907775162213273,0.0072973183420922145,0.001925165436580704
326,id20213,0.9956138458328564,0.003941179578686704,0.0004449745884567126
327,id20403,0.9978504660085018,0.0020546041854224927,9.492980607548518e-05
328,id03777,0.9972601365688891,0.00257738977835742,0.00016247365275345405
329,id10595,0.9950620964622727,0.004369440815008794,0.0005684627227184716
330,id13816,0.9962856489031924,0.0034007786829820877,0.00031357241382549495
331,id05667,0.9959661642413661,0.003660444154281538,0.00037339160435217913
332,id24629,0.9961770832857793,0.0034895695459975355,0.0003333471682230228
333,id20398,0.9963435377621729,0.0033531988663042626,0.00030326337152293065
334,id14108,0.9940593285784384,0.005114396987971764,0.000826274433589755
335,id06196,0.9928021598151764,0.005993170998659836,0.0012046691861636173
336,id02800,0.9979891928050131,0.0019290540383051496,8.175315668188821e-05
337,id18732,0.993940345875016,0.005200093014079228,0.0008595611109048291
338,id11915,0.9926606379631341,0.006088567586687278,0.001250794450178584
339,id09739,0.997735450058716,0.002157914618183767,0.00010663532310020669
340,id24672,0.9992304211341737,0.0007605625259510437,9.016339875360626e-06
341,id00414,0.9783563613534709,0.013395592891513965,0.008248045755015327
342,id16307,0.9957091917848845,0.0038657767415307613,0.00042503147358485105
343,id14043,0.9951614894019771,0.004293292501113123,0.0005452180969096891
344,id00517,0.9988522668184784,0.0011249492471716751,2.27839343500349e-05
345,id09744,0.9993219462295045,0.0006713439301083246,6.709840387088218e-06
346,id19257,0.998582966177135,0.0013800603793928633,3.697344347208915e-05
347,id15437,0.9972195740816495,0.0026126348935413945,0.0001677910248090515
348,id16352,0.9926629749322681,0.006086997806237041,0.0012500272614949502
349,id18849,0.9970217203939103,0.0027833216814897865,0.0001949579245996829
350,id19434,0.9985113212534811,0.00144729490383926,4.1383842679636174e-05
351,id17928,0.9969777084313091,0.0028210144134103634,0.00020127715528043522
352,id16896,0.9954002573566215,0.0041085825387929325,0.0004911601045856134
353,id02135,0.9936898149493916,0.0053787540854008855,0.0009314309652075373
354,id15075,0.9988390506647685,0.0011375559978574425,2.339333737382224e-05
355,id27486,0.9989678504646609,0.001014319700007446,1.782983533159764e-05
356,id19422,0.9983932570519845,0.0015575006842632826,4.924226375248824e-05
357,id09603,0.9958860598215838,0.0037247842363919655,0.0003891559420241974
358,id02133,0.9969725139304514,0.0028254564947926726,0.0002020295747560029
359,id03441,0.9991632424046466,0.0008258012481014402,1.0956347251992108e-05
360,id02398,0.9970164492634921,0.002787841256840648,0.00019570947966720135
361,id05152,0.9955066547003936,0.004025451418115845,0.00046789388149048183
362,id17838,0.9976600580480489,0.0022252503165512624,0.00011469163539965646
363,id25060,0.996658554579509,0.0030913753731293425,0.0002500700473615666
364,id09998,0.9959772395885294,0.0036515244695531305,0.0003712359419175428
365,id01828,0.996715699172239,0.0030433479191275575,0.00024095290863353363
366,id25377,0.9950129972265416,0.004406898623522251,0.0005801041499361717
367,id22175,0.9966858097620425,0.0030684891901094943,0.0002457010478480746
368,id02974,0.9952590589682202,0.004218119087579297,0.000522821944200594
369,id26955,0.9984419210275187,0.0015121651300997203,4.59138423815644e-05
370,id21091,0.9967396458127923,0.0030231727501745676,0.00023718143703315076
371,id12802,0.9973670695080082,0.002484060869825823,0.0001488696221659194
372,id07432,0.9991194128275265,0.0008682499299857805,1.2337242487749185e-05
373,id18749,0.9976219469306575,0.002259173589175932,0.00011887948016644843
374,id15030,0.9965847553195537,0.003153156952523857,0.00026208772792244973
375,id17155,0.9969713302886927,0.002826468492406771,0.00020220121890058461
376,id08128,0.9977593210862312,0.002136531173808975,0.00010414773995984591
377,id25706,0.9975628723814141,0.002311603917509004,0.00012552370107697108
378,id15645,0.9979854595999835,0.0019324461504281636,8.209424958816519e-05
379,id04943,0.9963567944758552,0.00334227981640041,0.00030092570774433895
380,id27566,0.9981831487851701,0.0017517925257978936,6.505868903189733e-05
381,id11765,0.9975317132028162,0.0023391838404786523,0.00012910295670500197
382,id13783,0.995961811009772,0.0036639484941147853,0.00037424049611326627
383,id00492,0.9937456335127776,0.005339155001081328,0.0009152114861410451
384,id27636,0.9975147206382668,0.0023542027498846528,0.00013107661184840925
385,id04273,0.9959507294030132,0.0036728650976169275,0.00037640549936983515
386,id02537,0.9960246809607027,0.003613250817901325,0.00036206822139595707
387,id24349,0.9989614610658093,0.0010204527139172203,1.8086220273527946e-05
388,id00023,0.9974373849318575,0.0024223627333088507,0.0001402523348336025
389,id23025,0.9986777654417167,0.0012906839682251285,3.1550590058124026e-05
390,id08722,0.9977199249853671,0.0021718055001688037,0.00010826951446406327
391,id02420,0.9986944710237711,0.001274885537740623,3.0643438488411086e-05
392,id10811,0.9984959560691903,0.0014616790582883228,4.236487252150403e-05
393,id04019,0.9981925839308471,0.001743118144344857,6.42979248080949e-05
394,id18334,0.9981990386930963,0.001737181093954347,6.378021294939597e-05
395,id16781,0.9976745048187213,0.0022123707986288995,0.00011312438264969783
396,id08773,0.9989710653090585,0.0010112330887170284,1.7701602224651334e-05
397,id19214,0.9987362610215859,0.0012353015744897176,2.843740392435572e-05
398,id09589,0.9989659097126075,0.0010161827909954428,1.79074963970027e-05
399,id24246,0.9993739813927355,0.00062045131804713,5.567289217355826e-06
400,id23577,0.9986904364280621,0.0012787023708180014,3.086120111993271e-05
401,id09305,0.9974933954492547,0.002373029386468799,0.00013357516427647297
402,id16460,0.9978834469217487,0.002024849274349142,9.170380390205071e-05
403,id21115,0.9985124923182687,0.0014461980984874436,4.1309583243869285e-05
404,id25996,0.9971632915070127,0.002661396813279957,0.0001753116797073732
405,id02551,0.9975776012990657,0.0022985489566862173,0.0001238497442479685
406,id19352,0.9954664312840366,0.004056939282544245,0.0004766294334191831
407,id03806,0.9974958228495852,0.002370887606981478,0.00013328954343349905
408,id26544,0.9977766921395842,0.002120951204986066,0.00010235665542970878
409,id18761,0.9972435239166869,0.0025918350820644397,0.00016464100124851655
410,id24148,0.9973730327407482,0.0024788385676804228,0.00014812869157135083
411,id16095,0.9978878166993,0.002020902554158483,9.12807465415868e-05
412,id18442,0.9992452072282986,0.0007461751037582357,8.617667943131398e-06
413,id22596,0.993712683018913,0.005362545126783242,0.0009247718543038001
414,id23002,0.9977295581993629,0.002163187807455812,0.00010725399318121408
415,id04797,0.999410353794968,0.0005848066778020571,4.839527229897509e-06
416,id06610,0.998409840391749,0.0015420656768356936,4.809393141527541e-05
417,id16173,0.9967412859163662,0.003021789891188424,0.00023692419244530384
418,id18292,0.9976195800922973,0.002261277795756247,0.00011914211194644733
419,id27328,0.9985310507678574,0.001428806836446978,4.014239569567123e-05
420,id01695,0.9990331862929976,0.0009514895422866172,1.532416471559161e-05
421,id05761,0.9973451157122664,0.002503270762520936,0.0001516135252126
422,id16354,0.997563376094284,0.002311157642547055,0.00012546626316886425
423,id12207,0.9982340877492776,0.0017049043241967581,6.100792652551827e-05
424,id05665,0.9984912338998345,0.0014660972280979834,4.2668872067444135e-05
425,id01911,0.9981954060380593,0.0017405226615717733,6.407130036901059e-05
426,id19153,0.9986267413983742,0.0013388475028055938,3.4411098820363676e-05
427,id10295,0.9982793184128389,0.0016631543485260717,5.752723863480644e-05
428,id23038,0.9975051764217023,0.0023626317052503213,0.0001321918730472039
429,id23783,0.9978447867038616,0.0020597220969568644,9.549119918157905e-05
430,id27879,0.9994196335775766,0.0005757033709055004,4.663051517889641e-06
431,id19190,0.998736792220926,0.0012347978359782893,2.840994309576591e-05
432,id05065,0.9968559347853262,0.0029247843557690294,0.00021928085890474385
433,id21296,0.9987461359481485,0.001225934763828138,2.7929288023352008e-05
434,id13262,0.9966283255928838,0.003116714881776713,0.00025495952533953064
435,id10333,0.9991305099375288,0.0008575111261791858,1.1978936291793587e-05
436,id16677,0.9997985378489799,0.0002010756615544386,3.8648946574064596e-07
437,id01392,0.9975888917757724,0.00228853384534126,0.00012257437888642505
438,id27874,0.9987826540702174,0.0011912521201920205,2.6093809590587697e-05
439,id02294,0.9981109702357567,0.0018179937115987098,7.103605264470216e-05
440,id18298,0.9989975135638166,0.0009858203363497743,1.666609983371811e-05
441,id06997,0.9994185862269139,0.0005767309897728672,4.682783313129026e-06
442,id05243,0.9976790022773856,0.0022083589736190735,0.00011263874899533753
443,id00860,0.9983856225797013,0.0015646015941813457,4.9775826117286074e-05
444,id26681,0.9993258938535474,0.0006674872205908421,6.618925861734974e-06
445,id06020,0.9998198051021754,0.00017989792053113148,2.969772933401449e-07
446,id27683,0.9985600107990279,0.001401631992073594,3.835720889860452e-05
447,id17655,0.9987481562787311,0.001224017770763254,2.7825950505484656e-05
448,id08817,0.9978555696807859,0.0020500035328898246,9.442678632412424e-05
449,id11512,0.9971349571282678,0.0026858825191660666,0.00017916035256605509
450,id00478,0.9989564798372945,0.0010252326529625552,1.8287509743056355e-05
451,id02116,0.9993654448996059,0.0006288086117763877,5.746488617937832e-06
452,id06746,0.9982007001553457,0.0017356525308793367,6.364731377491059e-05
453,id03863,0.9980210304702825,0.001900094959173246,7.887457054415241e-05
454,id01802,0.9978534253492629,0.0020519366881623876,9.46379625746337e-05
455,id11682,0.9976433773474247,0.002240107578862272,0.00011651507371303288
456,id04033,0.9995202045896648,0.0004768109145622293,2.984495772973577e-06
457,id09286,0.9983733959549979,0.0015759672718516943,5.063677315049692e-05
458,id12904,0.9994491101638759,0.0005467628411080725,4.126995016056604e-06
459,id07420,0.9974561740522021,0.002405832025944026,0.00013799392185392134
460,id22398,0.9979531740708375,0.0019617506881045373,8.507524105778412e-05
461,id00424,0.995015774238932,0.004404782828378268,0.0005794429326899167
462,id20960,0.9991566235331598,0.0008322174570590177,1.1159009781105641e-05
463,id10267,0.9990237777215263,0.0009605502622120183,1.567201626161901e-05
464,id19330,0.9988164984191229,0.001159047836096896,2.4453744780088535e-05
465,id00994,0.9988847950577957,0.0010938831940694859,2.132174813482578e-05
466,id10785,0.998167556599577,0.001766117066985296,6.632633343760607e-05
467,id00955,0.9988586863355755,0.0011188225384396184,2.249112598484875e-05
468,id09757,0.9975996051714701,0.0022790243592909066,0.00012137046923899678
469,id10030,0.9974707655744559,0.0023929814871899782,0.00013625293835406587
470,id22952,0.9984456397349085,0.0015086956087891224,4.5664656302495384e-05
471,id21955,0.9967583651696075,0.003007381351202789,0.00023425347918955693
472,id07674,0.9981071866022513,0.0018214563184856263,7.135707926314962e-05
473,id13760,0.9990376366730188,0.000947202187640956,1.5161139340410545e-05
474,id18166,0.9995495692569166,0.0004478576335007547,2.573109582656123e-06
475,id23498,0.9983285474924231,0.0016175896810588836,5.3862826517919474e-05
476,id05296,0.9989128180351585,0.0010670770579977475,2.010490684360137e-05
477,id26709,0.9993840188186819,0.000610620499924242,5.360681393929143e-06
478,id02853,0.9991680233482184,0.0008211653982975183,1.0811253483993077e-05
479,id06800,0.9982819297632651,0.001660740619972503,5.732961676230632e-05
480,id14758,0.998658270308554,0.0013091021552200544,3.262753622603346e-05
481,id12356,0.9997996802356484,0.00019993842933726228,3.813350144325853e-07
482,id21492,0.9990688196459778,0.000917134336420685,1.4046017601543924e-05
483,id27540,0.9994446461750176,0.0005511480298199067,4.205795162511547e-06
484,id07376,0.9987268720657239,0.0012442027581575,2.892517611873218e-05
485,id15201,0.9985234232093961,0.0014359568728024813,4.061991780152137e-05
486,id23388,0.9982770987026648,0.0016652057894907004,5.7695507844710365e-05
487,id13923,0.9994760798834212,0.0005202513019866308,3.6688145920731213e-06
488,id00794,0.9983845973083879,0.0015655549751214005,4.984771649059719e-05
489,id23910,0.9988725330418036,0.0011056003027398707,2.186665545667315e-05
490,id02556,0.9984283630038727,0.0015248084479968678,4.682854813034385e-05
491,id22151,0.9991561833443247,0.000832644093972298,1.1172561703013889e-05
492,id11698,0.9986044737300968,0.0013598242707093995,3.570199919399423e-05
493,id11627,0.9992287164552078,0.0007622205898670076,9.06295492515486e-06
494,id06340,0.9992755264226074,0.0007166418230471697,7.831754345345364e-06
495,id05123,0.9990700259692497,0.0009159701994339182,1.400383131658274e-05
496,id26620,0.998985835875887,0.000997045092712958,1.7119031399964182e-05
497,id04002,0.9985264575910967,0.001433112824761085,4.042958414237292e-05
498,id26554,0.9986303203292749,0.001335473635183603,3.420603554167191e-05
499,id18012,0.9984966803524984,0.001461001298213369,4.231834928818479e-05
500,id12964,0.9986903852656824,0.0012787507663511303,3.0863967966324905e-05
501,id18965,0.9979660516524922,0.0019500688154731223,8.387953203461142e-05
502,id19082,0.9995043519168271,0.0004924269617012812,3.221121471531727e-06
503,id26742,0.9994342477558751,0.0005613596042258456,4.392639899073098e-06
504,id15442,0.9990625828594304,0.0009231518870237513,1.4265253545852944e-05
505,id16647,0.9986011148759505,0.0013629861568500903,3.5898967199563916e-05
506,id11544,0.9991064635601928,0.000880773608912256,1.2762830894891577e-05
507,id20581,0.9982145227265021,0.001722929898460126,6.254737503770063e-05
508,id13192,0.9996353930983599,0.00036304165741020894,1.565244229814006e-06
509,id15814,0.9991805488338755,0.0008090149079584844,1.04362581660695e-05
510,id26279,0.9989798332458166,0.0010028122765565336,1.735447762684894e-05
511,id00240,0.9992627489102394,0.0007290932806523234,8.157809108484727e-06
512,id22836,0.9996711398776171,0.0003276324912063615,1.2276311763161535e-06
513,id15085,0.9977156323260178,0.00217564403691597,0.00010872363706603555
514,id17495,0.9991210700649452,0.0008666465771372842,1.2283357917641145e-05
515,id26762,0.9996675906973143,0.00033115023782997273,1.259064855656912e-06
516,id13685,0.9998099765058236,0.00018968683175024737,3.3666242612603507e-07
517,id16560,0.9993874482756134,0.0006072606219061575,5.291102480476001e-06
518,id17184,0.9979332856802168,0.0019797749477077566,8.693937207544037e-05
519,id21635,0.9998547408641889,0.00014508065494409263,1.7848086698566647e-07
520,id26751,0.9991923281298509,0.0007975815081500711,1.009036199894944e-05
521,id12351,0.9994298682414544,0.0005656590436415929,4.47271490389601e-06
522,id14872,0.9989266631541099,0.0010538185658645052,1.9518280025486067e-05
523,id18372,0.9994932485640441,0.0005033584376102464,3.3929983456937994e-06
524,id26851,0.999217751839338,0.0007728821407023368,9.366019959394887e-06
525,id22659,0.999485385018587,0.0005110971751894253,3.517806223690811e-06
526,id04102,0.999637404369091,0.0003610506331495842,1.5449977594806324e-06
527,id02353,0.9971903185755214,0.0026380018347790224,0.00017167958969977148
528,id26721,0.9998675263886367,0.00013233005490469792,1.435564585634148e-07
529,id11171,0.9994830296417317,0.0005134146686702662,3.5556895980228198e-06
530,id13562,0.9989314086463728,0.0010492719318991454,1.9319421728153693e-05
531,id26425,0.9991872078071045,0.0008025522773235562,1.0239915572107233e-05
532,id26394,0.9995596093104968,0.00043795031073751964,2.440378765598684e-06
533,id22187,0.9991674427886231,0.0008217283966770619,1.08288146998806e-05
534,id00422,0.9998769881411652,0.00012289136890285867,1.2048993191704152e-07
535,id22667,0.9993019316287053,0.0006908867853930527,7.181585901636573e-06
536,id00911,0.9990639090873186,0.00092187243732809,1.4218475353372348e-05
